421
454
559
551
531
580
506
492
517
529
481
529
553
546
592
559
487
442
473
351
323
549
562
549
486
520
518
514
383
625
442
481
204
490
1022
1022
1022
0
0
0
0
0
89
247
344
402
0
0
1022
1022
472
110
477
0
477
1022
1022
0
645
1022
99
540
871
704
0
0
0
1021
1022
1022
0
0
0
1022
0
1022
0
0
0
0
0
65
271
1022
1022
1022
1022
1022
0
1022
0
1022
512
1022
0
175
1022
84
1022
1022
0
1022
1022
1022
0
671
1022
1022
0
1022
1022
1022
0
1022
1022
1022
0
1022
0
0
0
0
0
136
276
361
413
446
465
477
485
490
494
496
497
499
500
501
502
502
502
503
503
503
503
504
0
0
476
1022
1022
1022
1022
1022
683
376
368
484
465
475
397
665
600
490
356
374
0
0
304
458
451
592
324
342
341
145
537
640
252
114
259
441
290
789
0
0
122
49
211
158
281
340
207
187
256
143
64
231
455
86
0
0
0
0
0
0
0
0
0
0
0
0
0
0
0
0
0
0
0
0
0
0
0
0
0
0
0
0
0
91
0
0
103
0
0
0
126
47
88
54
68
376
1021
796
727
713
633
580
593
585
561
358
491
593
346
556
568
526
137
760
433
621
542
548
267
671
692
587
555
568
569
675
591
416
616
589
626
555
632
611
473
476
568
607
498
579
633
607
575
631
607
538
638
646
595
622
604
572
579
626
646
515
730
635
470
459
603
496
571
588
608
595
555
577
607
582
576
580
564
581
559
369
266
478
589
671
717
754
775
783
795
804
819
824
840
853
880
899
906
909
911
918
926
931
933
937
943
948
956
959
956
1018
1022
1022
785
651
627
636
602
592
573
575
571
566
565
567
560
570
575
575
573
571
565
563
558
558
555
554
554
553
549
550
549
545
544
543
547
542
538
547
561
560
558
560
546
545
547
531
542
542
