486
504
511
286
553
528
469
477
489
516
525
527
548
499
536
534
567
537
489
499
518
510
482
479
519
584
531
542
450
450
453
479
521
522
541
526
600
615
614
488
454
465
491
500
454
420
219
487
537
492
491
532
498
497
555
564
552
522
439
522
489
548
550
546
541
512
491
285
543
518
455
470
474
510
510
506
463
521
529
575
450
488
505
524
528
523
497
646
635
519
322
368
436
481
516
519
511
550
579
486
412
473
551
553
547
510
280
558
500
430
495
491
531
487
505
451
556
530
532
435
500
485
500
512
506
613
559
508
547
488
440
489
529
534
550
530
484
510
509
477
518
516
550
571
487
474
462
612
673
651
191
380
392
451
407
469
509
472
484
559
706
626
494
427
441
438
559
527
272
523
498
432
469
495
513
525
455
564
545
589
463
539
432
479
440
497
588
582
576
482
494
529
486
512
498
556
542
545
447
468
495
505
510
339
529
549
559
493
385
454
489
516
304
550
569
488
479
471
499
522
575
527
449
466
418
479
503
512
530
566
571
551
545
439
479
481
491
471
482
564
533
566
475
472
467
489
481
451
546
542
464
448
481
487
524
519
515
601
527
503
435
487
493
519
532
597
520
497
460
447
490
503
508
516
563
547
517
401
454
507
519
547
263
523
604
522
451
0
0
252
595
742
758
736
623
608
549
561
585
552
470
563
575
327
443
491
558
596
484
281
656
536
511
690
633
567
505
517
423
112
220
421
488
625
473
500
626
354
167
526
687
696
803
908
690
387
164
386
436
547
562
544
523
460
487
485
489
504
504
506
250
541
531
447
480
516
498
465
481
499
432
603
545
483
494
507
520
549
503
535
472
506
479
487
543
590
534
177
345
478
588
561
583
440
495
535
550
442
459
257
24
0
0
259
579
757
891
955
864
843
800
866
622
607
551
472
359
287
286
428
507
550
472
531
550
558
537
519
511
575
507
543
442
507
513
503
500
519
474
527
512
538
456
480
463
479
496
491
365
554
543
487
469
494
499
504
483
458
277
558
558
451
468
483
489
499
491
572
537
553
438
473
463
481
484
208
551
543
464
451
462
512
503
491
382
544
519
470
472
493
503
511
484
229
540
563
462
468
478
499
499
504
499
246
555
545
449
456
474
472
